A = 6,7,1,4,3,8,1,7,8,8,4,8,9,3,8,1,7,3,2,7
C = 2.4956165,8.7541835,3.9153653,1.1108945,5.9644425,8.0228637,3.1783127,7.9973606,1.853614,2.380432
