A = 5.10810562,3.69254293,8.29344454,5.49666095,7.61207166,8.29170047,2.18641028,8.09902229,6.36101880,8.92053591,5.11180282,4.6884323,6.85444614,6.49501455,7.47895666,6.43459947,6.82535998,8.23482049,2.51633650,4.80636941
B = 2.640273512,4.416336623,7.944048234,3.885071845,1.234595456,2.460937967,2.998932578,4.658860589,2.793503690,8.43420701,6.915693912,8.374531623,3.982461934,4.780866845,1.117867456,7.250077367,2.585749478,5.96811189,2.481277390,7.889889401
