a = 8.3677059,7.6547071,8.3692471
a = 6.4445608,4.2727626,5.4503161
a = 8.2953832,2.9430301,3.1077188
bb = 5.7436081,5.938948,7.9446645,6.0688921,3.4588443,2.2732849,4.3998354,3.1812253,7.2513515,7.0905951,5.854841,3.2280834,8.3619294,7.2054311,2.9861555,8.5146894,7.0815458,3.0793465,3.7407686,3.4801194,4.3071279,7.0282139,1.4148369,7.8453447,1.6946023,3.8289612,7.7742959,3.667272,6.7847966,3.479743,5.4627913,5.3207092
bb = 6.8858173,5.2578634,4.9922944,5.072807,7.0051373,7.2959337,4.6701969,6.3357039,3.0970148,3.944588,2.5586099,7.0616043,1.3212157,5.0095706,3.5420664,6.1731913,8.2414279,1.7380798,5.7626987,5.901264,7.3199921,8.8674557,6.27019,1.5087526,5.0783145,4.2524979,5.4044308,2.9459221,7.0774389,3.1241329,1.7609858,8.4260401
bb = 2.065792,2.9297743,5.1880895,1.730067,2.7030468,7.3723302,8.7875818,8.8823851,6.1081342,3.3977062,3.2224737,2.6298778,1.0847169,3.720618,3.3354037,2.9111293,5.9210378,1.0245452,2.9236441,4.5095912,7.3050377,5.6669075,7.0195653,3.7829446,3.8165346,1.9069855,2.9473776,7.4676618,5.8953139,2.1972107,2.5735877,6.4500652
x = 1,2,6,9,5,1,1,6,5,9,8,2,1,5,3,5,8,2,5,1,6,4,5,4,5,5,2,1,5,2,8,2
pi = 6.8174885,2.2662338,1.0114057
