FA1 = 8.8975586
FA2 = 2.6163552,7.0433172
FA3 = 2.5424928,7.925775
5.6972856,2.5962964
PFA1 = 7.2485642
PFA2 = 5.0215827,5.1321206
PFA3 = 8.4927144,6.1401422
1.2834735,3.0670672
