IA = 5,5,1,4,7,6,6,7,1,6,4,6,6,5,5,2,2,1,6,6
IB = 2,1,4,7,5,7,1,9,8,1,8,2,7,9,2,5,5,4,9,9
FD = 2.607673,4.16436,3.748549,2.605025,2.1427479,7.618598,3.9997682,5.5830406,8.6461112,8.3591058,2.9828211,1.9153744,6.2308408,2.9729894,5.844856,8.7243897,8.468579,5.4855434,3.4720704,3.1792859
