a = 3.000000
b = 6.000000
c = 2
