a = 3.000000
b = 3.000000
c = 2
