a = 3.400000
b = 7.800000
c = 2.300000
