a = 3.400000
b = 0.000000
c = 3.200000
