a = 3.400000
b = 0.000000
c = 1.200000
