a = 3.400000
b = 1.200000
