A=16,64,81,9,64,1,49,9,4,49
A=32,128,162,18,128,2,98,18,8,98
B=1,1,1,1,1,1,1,1,1,1
B=1,1,1,1,1,1,1,1,1,1
B=0,0,0,0,0,0,0,0,0,0
D=4.99123,17.5084,7.83073,2.22179,11.9289,16.0457,6.35663,15.9947,3.70723,4.76086
a=0
B=60360,0,0,0,0
