B=0,1,0,2,0,2,0,1,4,0,1,0,4,0,0,1,2,0,4,0,1,0,4,0,4,0,2,0,1,1,0,1,0,0,1,2,0,1,1,6,0,4,0,4,1,0,0,9,0,1,0,1,2,0,1,2,1,0,3,0,0,0,2,0,1,9,1,0,4,0,1,0,1,1,1,0,0,1,7,0,1,1,3,0,1,0,1,1,0,1,6,0,1,0,8,0,1,8,0,1,0,0,1,1,0,0,0,1,0,1,2,1,2,0,1,1,0,8,0,0
FB=0.270009,0.609413,0.903184,5.6618,0.385111,0.512365,6.75163,0.237674,3.28706,0
B=8,4,2,2,0,1,0,1,0,0,0,0,0,0,0,0,0,0,0,0,0,0,0,0,0,0,0,0,0,0,0,0,0,0,0,0,0,0,0,0,0,0,0,0,0,0,0,0,0,0,0,0,0,0,0,0,0,0,0,0,0,0,0,0,0,0,0,0,0,0,0,0,0,0,0,0,0,0,0,0,0,0,0,0,0,0,0,0,0,0,0,0,0,0,0,0,0,0,0,0,0,0,0,0,0,0,0,0,0,0,0,0,0,0,0,0,0,0,0,0
FB=1.28506,2.37965,2.60322,2.16171,0.305444,0.660944,1.1057,0.143297,0.535924,0
B=1,2,5,5,16,8,23,8,11,50,12,24,14,70,30,17,18,45,23,100,52,73,28,120,31,130,67,140,96,150,155,53,82,68,38,72,185,54,65,66,410,105,430,48,225,230,117,53,490,62,72,65,88,180,68,70,142,193,98,300,203,124,78,213,72,73,670,680,86,350,118,144,81,82,83,152,128,86,112,800,90,164,276,840,121,122,108,146,178,128,151,920,155,235,118,960,121,122,990,166,252,170,147,260,350,265,178,135,218,137,222,560,565,1140,164,193,234,147,1190,0
FB=0.778177,0.420229,0.384139,0.462598,3.27392,1.51299,0.904403,6.97851,1.86594,0
B=3,2,2,2,2,2,2,2,2,2
FB=3,2.5,2.33333,2.25,2.2,2.16667,2.14286,2.125,2.11111,2.1
