C=13.4868
D=13.4868
E=0
E=0
C=13.4868,16.3075,65.8835,21.3549,9.39783
D=13.4868,16.3075,65.8835,21.3549,9.39783
E=0,0,0,0,0
E=1,0,1,1,1
F=5,4,8,5,8
G=5,4,8,5,8
