FA1=8.89756
FA2=2.61636,7.04332
FA3[0]=2.54249,7.92578
FA3[1]=5.69729,2.5963
PFA1=7.24856
PFA2=5.02158,5.13212
PFA3[0][0]=8.49271,6.14014
PFA3[1][0]=1.28347,3.06707
FA1=8.89756
FA2=2.61636,7.04332
FA3[0]=2.54249,7.92578
FA3[1]=5.69729,2.5963
PFA1=7.24856
PFA2=5.02158,5.13212
PFA3[0][0]=8.49271,6.14014
PFA3[1][0]=1.28347,3.06707
