a = 0.000000
b = 2.300000
