a = 0.000000
b = 0.000000
c = 6.700000
