a = 0.000000
b = 7.800000
c = 0.000000
