a = 2.300000
b = 7.800000
x = 6.800000
y = 11.200000
z = 10.100000
