a = 1.500000
b = 0.125000
b1 = 0.125000
x = 1
x1 = 1
x2 = 0
y = 1
y1 = 1
y2 = 0
z = 0
z1 = 1
z2 = 1
