a = 1.500000
b = 0.125000
b1 = 0.125000
x = 0
x1 = 1
x2 = 1
y = 0
y1 = 1
y2 = 1
z = 1
z1 = 1
z2 = 0
