a = 1.300000
b = 2.300000
c = 1.300000
