a = 3.300000
b = 2.300000
c = 3.300000
