a = 4.300000
b = 7.600000
x = 2.100000
y = 23.100000
z = 3.300000
