a = 12.000000
b = 2.000000
x = 4.000000
y = 12.000000
z = 5.000000
