a = 12.400000
b = 2.500000
v = 1.000000
w = 3.200000
x = 3.100000
y = 5.800000
z = 4.960000
