a = 1.500000
b = 0.125000
b1 = 0.125000
v = 0
v1 = 1
v2 = 0
w = 0
w1 = 1
w2 = 0
x = 0
x1 = 1
x2 = 0
y = 0
y1 = 1
y2 = 0
z = 0
z1 = 1
z2 = 0
