a = 1.500000
b = 0.125000
b1 = 0.125000
v = 0
v1 = 0
v2 = 1
w = 0
w1 = 0
w2 = 1
x = 1
x1 = 0
x2 = 0
y = 1
y1 = 0
y2 = 0
z = 0
z1 = 0
z2 = 1
