a = 1.500000
b = 0.125000
b1 = 0.125000
v = 1
v1 = 1
v2 = 0
w = 1
w1 = 1
w2 = 0
x = 0
x1 = 1
x2 = 1
y = 0
y1 = 1
y2 = 1
z = 1
z1 = 1
z2 = 0
