a = 2.200000
b = 7.800000
v = 26.520000
w = 4.840000
x = 9.680000
y = 26.520000
z = 17.160000
