a = 1.500000
b = 4.000000
x = 0
y = 1
